version https://git-lfs.github.com/spec/v1
oid sha256:5dda8daf9d06d407fc439aacebc927a51d53ceeae77c1b2b71d6c8d5888b47f7
size 982
