version https://git-lfs.github.com/spec/v1
oid sha256:7cb62987404c839732d101c19b3e77ec8149d59a9497aeb9b0f8271f1d1315e4
size 26605
