version https://git-lfs.github.com/spec/v1
oid sha256:091c8987c8f3b5ee30f8eb519294999294be2c943c75ffc2cdd5308286035626
size 1006
