version https://git-lfs.github.com/spec/v1
oid sha256:0a02c00bffa1004a01f66cbb77220e8defeac87678eb7832a8fbbefef9335257
size 4530
