version https://git-lfs.github.com/spec/v1
oid sha256:a3d2b6327891cc6e6637e81df917d80988fccdd9735ceeda6188ae7d5be6b081
size 1778
