version https://git-lfs.github.com/spec/v1
oid sha256:917c22d0b1b1ac63c092c8ec265ae953092bfcca264c0f44e0836b7e5cfb6a5a
size 1329
