version https://git-lfs.github.com/spec/v1
oid sha256:77956ccf3428d041280f649f04400f0b67f0a1603c719fe92550f61faed6917f
size 756
