version https://git-lfs.github.com/spec/v1
oid sha256:a490bea599644d7244199c5d328d2b35a071dcc011ad2e9a18b4e3baaadc3898
size 154518
