version https://git-lfs.github.com/spec/v1
oid sha256:20c41120853bc6e3355703a700b9cbc9e0c038c8150b455b428c03117e417181
size 734
